please enter the name of the data file to read: 2000
We read 2000 integers from the file
Minimum: 640  Maximum: 997860
The binary search tree in order is: 
640
988
1096
1303
1446
1864
2752
3107
3282
3339
4044
4319
4679
4949
5544
6082
6647
6676
6731
7515
8664
8937
9045
9256
9782
9903
10101
11213
12604
12689
12770
13229
13986
15258
16101
16116
16259
16652
16835
17033
17091
17398
17853
18149
18797
18992
19668
21142
21194
22134
22906
23538
23568
24438
24948
25252
25267
25304
25355
25724
27219
27597
28528
28645
29507
29684
29779
30044
30568
32567
32869
33142
33180
33688
33796
33869
34045
34383
35191
35279
36558
37113
37242
37288
37769
37878
37944
38163
38639
38730
38801
40805
41131
41705
41937
42171
42702
43358
45228
45513
45996
46088
46288
46574
47004
47196
48267
49860
50541
51024
52107
52122
52156
53292
53548
53881
54589
55831
56548
56954
58397
59897
60225
60766
61216
61268
63772
65792
67002
67056
67412
69724
69742
69803
71948
72708
73262
73687
73887
73970
74529
74663
76323
76875
77754
78151
78356
79130
79681
79711
79775
80294
80324
81448
81485
81707
81774
82803
83362
84750
84815
85109
85427
86521
86857
87881
88184
88640
88660
89058
89345
90048
90124
91022
91267
91392
91892
91895
92293
92479
92549
92550
92664
93260
94091
94572
95122
97849
98231
99015
99022
100544
100799
101078
101208
101970
102611
102739
104280
104659
105971
106547
106786
106870
107268
108378
108446
110017
110715
111275
112506
113368
113551
113815
113932
115172
115280
115891
116219
116269
116277
116469
116920
117117
117274
118297
118301
119088
119374
119539
119824
120088
120221
120613
120884
121167
121786
121876
121906
123942
124963
125394
126649
126670
126797
128472
130142
130496
131021
131326
131658
131738
131972
132852
133027
133344
133615
133661
133916
133948
134069
135233
136039
136205
136509
136511
136887
138499
138698
139022
139806
140349
140455
141069
141163
141169
141620
141657
141737
142391
142824
142927
144882
146350
146423
146667
146749
146993
147534
149246
149787
150136
150312
150520
151307
152052
152055
152518
152540
152988
153102
153312
154567
156082
156190
157378
157505
157776
158130
158800
159111
159312
160113
160795
161521
161581
161934
161990
162515
162666
163611
164077
164172
164195
166745
166867
167190
168367
168677
168936
170040
170164
170457
171289
171973
172126
172339
172551
172588
172669
173021
173710
174306
174702
174855
175143
175548
175562
175786
176447
176461
176666
176712
178078
178251
178474
178623
178684
179566
179962
180703
180953
181234
181324
181648
181801
183656
184716
185018
185385
186357
187889
188242
189127
189464
191048
191389
191390
191967
192597
192823
192949
193351
193677
194380
195113
195117
195750
197128
197501
199356
200501
200531
200831
201922
202727
202976
203102
203113
203177
203616
205284
205699
206231
206596
207036
207189
208095
208571
208913
208953
210027
211568
211596
212069
212156
212439
212995
213825
213837
213949
213989
214550
214587
215390
217868
218477
218549
219291
219966
219976
220654
222907
223800
223829
224040
224656
224677
224766
224830
224964
225527
225860
225884
226745
227821
227989
228010
228394
229382
229432
230570
231672
232276
232381
232762
233742
234937
235959
236088
236326
236617
236643
238019
238338
238667
238974
239372
239388
240389
240490
240949
241408
241776
242042
242045
243101
243221
243534
244399
244639
245933
245997
246104
246389
246713
248103
248839
248895
248924
248989
249066
249344
249380
249470
249921
250640
250644
251254
251840
252462
254213
254515
254630
255778
256059
256904
256909
257252
257549
258025
258655
259625
259634
260058
261379
261748
262113
262935
262999
263631
263721
263750
263845
264339
265148
265845
266070
266206
266635
266967
268280
268699
268748
269403
269507
270765
271519
271875
273245
275002
275118
275128
276644
277536
277590
277689
277994
278085
278289
278577
279337
280011
280343
280550
280589
281114
281295
281703
281727
282323
282465
283538
284065
284455
285132
285930
288710
288837
288996
289227
289649
289875
290198
290759
290891
290963
292011
292893
293193
293234
294391
294450
298220
298505
299650
300770
301599
301724
302837
303355
304134
304271
304615
304938
305145
305515
306019
306502
307025
307123
308759
308929
309373
311485
312401
312448
313447
313570
313594
313992
314401
314456
314695
314705
316230
316396
316781
317392
317646
318264
318385
318909
319028
319122
319346
319599
320436
320715
321346
321478
321715
323205
323583
323653
323738
323787
323903
324557
324795
325857
326067
326553
328764
328981
329654
330173
330600
331251
331647
331946
331999
332599
333002
333076
333123
334116
334764
334810
335910
336050
338141
338178
338186
338840
339006
340129
340129
340531
342416
342453
343297
343938
346334
346874
347118
351322
351510
351512
351814
351864
352145
352180
352302
353363
353670
353700
353908
355208
355795
355843
356777
357553
357790
357960
358159
358986
359089
359264
359535
359915
359937
360274
360494
360795
361466
361746
362418
363372
363573
363743
364650
364697
365982
366926
366946
367478
369079
369411
370017
370232
370235
370614
370859
370925
371622
372081
373826
374157
374174
375062
375354
375759
376994
377072
377134
377816
378372
378457
378768
379082
379104
379935
380432
380862
380968
381421
381470
381628
382587
383236
383578
383599
385612
385982
386914
388201
388618
389054
391100
391279
391686
391913
392218
392323
392379
392637
393112
393173
393382
393612
394774
395708
395775
396171
396273
397615
398623
398691
398734
399200
399794
399974
400366
400402
401162
402783
404058
404121
404500
405523
405549
405617
407110
407573
407879
408118
408540
409133
409331
409787
410105
410179
410296
410937
411004
412057
412199
413673
414394
414724
414864
415014
415131
415205
415425
415772
416403
416993
417212
417724
418287
419102
419156
419358
420184
421299
421616
422355
422521
423786
424479
425386
425897
426317
426854
427119
427426
427621
429930
430029
430071
430256
431404
431414
431605
431735
431850
431922
432738
433419
433538
435352
436249
436300
436984
437616
437703
438212
439700
440603
441579
442788
443278
443305
443322
444064
444440
444608
445122
445322
445624
446978
447068
447811
448462
449415
451164
453219
453544
453672
454426
455085
455606
455689
455885
457493
457669
458589
459369
459371
460124
460846
461000
461460
462362
462608
462936
463448
464188
464952
465856
465985
466107
466694
466868
467556
467734
467952
468042
468782
468931
469387
471061
471535
471689
472640
472673
472850
473167
473504
473793
473886
474109
474758
475261
475456
477392
477408
477436
478478
478566
478849
479353
479481
480231
480443
480564
480776
480896
481207
481284
481477
482692
483158
483456
483503
484202
485732
485738
485739
486662
486943
487118
487147
487219
488216
488327
488422
489088
489125
489295
489406
489416
490518
490782
491172
491737
493049
495035
495045
495371
497079
497153
497247
498421
499366
499963
500121
500227
500550
500814
501682
502594
502639
502879
503034
503684
503727
503880
504537
504715
505202
505256
505533
505781
506783
507138
507265
507572
508137
509273
509775
510497
511421
512819
514324
515039
515524
516177
516211
516791
517473
518504
518855
518872
519110
519573
520030
521377
521602
521867
523366
523704
523754
523918
524864
525576
525601
526586
527213
528323
528836
528925
529512
529828
530160
530526
530728
532049
532347
532480
532905
533046
533297
533805
534360
534991
536499
536746
537227
537625
539303
539320
539645
540463
541331
542108
542554
542847
545112
545282
545300
545334
546499
546810
548157
549615
549846
550541
551507
551796
552839
553217
553791
553951
554582
554699
554958
555318
555522
555527
556221
556426
556767
557713
557981
558057
558586
558631
560349
560495
560638
560639
561068
561286
561522
561582
561583
561940
562908
564491
564804
565490
566198
566255
567651
568048
568211
569699
570152
570397
571354
571429
571826
572364
572455
572556
572976
573438
573921
574543
574723
575121
575253
575339
575456
575607
575906
575923
576434
576618
577217
578262
578529
578730
579872
580068
580805
582118
582369
582837
583409
583960
584171
584517
584749
584769
585097
585408
586599
587086
587390
587451
587984
588079
588550
588785
588929
589152
589221
590353
590627
590853
591294
591735
591856
592023
592178
592472
592498
592600
592846
592978
593353
593565
593877
595780
595865
595890
596915
597983
599001
599001
599053
599633
600500
601100
601487
601699
601806
602407
602967
603191
603820
603901
604170
604261
605140
606290
606468
606919
607222
607665
607727
607803
607886
608210
608826
610123
610153
612642
612956
613344
613911
614085
614164
614782
615702
616959
617595
617623
618684
619616
620141
620206
620443
620497
621117
622073
622524
622791
623157
623288
623513
623705
623796
624187
624966
625623
625821
626625
626721
627852
627891
628531
628790
629086
631433
631895
632073
632368
632535
633444
635091
635141
635397
635631
635724
636031
636150
636516
637430
638131
640136
641401
641532
641772
641885
642096
643634
643650
644267
644431
645132
646186
646235
646271
646408
646429
646650
647236
647243
647289
648072
648221
648343
648667
648925
649381
649653
649733
649772
651219
651222
651314
653097
653255
653366
654256
654313
654922
655014
655123
656497
657406
657442
657836
657870
658297
658600
658871
659291
659857
661300
661495
662129
662371
662379
662771
662973
663078
663912
664560
666427
666444
666485
667584
669591
669633
669766
670603
670894
671935
673597
673655
674497
675044
676447
677001
678062
678517
678642
678856
678988
679741
681444
681527
682039
682809
683783
683785
683953
684874
685117
685662
686533
686775
687022
687028
687560
687822
687844
688128
688991
689106
689816
690553
690597
692212
692434
693407
694214
694358
694442
694626
695598
696277
696501
697561
697673
697870
697948
697987
698147
698275
698298
700451
700573
700680
701324
701385
701626
701769
702378
705259
705671
705742
705804
706238
706497
706792
707095
707611
708067
708248
708734
709000
709569
710048
710080
710177
710287
710365
710768
710818
712567
712759
712955
713440
713946
716926
717075
717233
718799
719723
719855
720030
720098
720234
720270
720320
721204
721494
721770
721912
722050
722054
722330
722916
723173
723333
723486
724288
724565
724835
725982
726500
726674
726969
727091
727383
727390
728878
729408
730367
730538
731233
731296
731327
731585
731750
732046
732636
732994
733195
733299
733722
734058
734260
735247
736147
736353
736863
739313
740214
740897
742344
742499
743059
744079
744400
744556
745112
745365
745368
746302
746429
746863
747359
747736
747774
747836
748903
749609
750499
750510
751293
751706
751709
752071
752120
752148
752756
752916
753010
753142
753818
753989
754766
755707
756128
756533
756590
756843
757446
757675
758044
759625
760121
760731
760985
761214
761336
762640
763660
765157
765178
765754
765990
766723
766786
767010
767174
767239
767609
767624
768249
768300
768667
768715
768737
769732
770643
771640
771980
772330
772579
772859
772941
773529
774022
774756
775035
775046
775386
775457
775496
775868
775874
776009
776014
776037
776402
776560
776661
777666
777820
778483
780247
780884
780987
781047
782061
782438
782484
783534
785812
785971
787101
789599
790628
790986
791452
792151
792695
792715
792794
793110
793473
794695
795006
795740
796767
797507
797847
797916
797993
798237
799578
799666
800099
800128
800244
800846
800965
801402
801464
802702
802917
804098
807349
807663
807835
808271
808520
808843
809079
810350
811303
811350
811602
812080
812180
813026
813486
813775
813982
815257
815846
815938
816059
816600
817633
818096
818470
818707
819253
819906
821639
823739
824174
826515
826680
827028
827219
827402
827622
827720
827772
827903
828119
828303
828470
828629
829069
829180
830427
830475
831558
831619
831741
831854
832382
833799
834221
834295
834774
835010
835083
835570
835771
837363
837890
838264
838730
838823
839055
839136
840454
840520
840800
842098
842543
843006
843376
843792
843819
844219
845146
845908
846559
847026
848324
849407
849841
850205
850245
850343
850391
850743
850910
852133
852569
853001
853292
853832
854043
855009
855510
855601
855753
856988
857385
857916
858089
858908
859436
859765
860567
861104
861472
861506
861694
862387
862610
863218
863731
864298
864501
864787
865104
865512
865732
865772
865813
866095
867661
868607
868762
869641
869979
870211
870522
870538
870867
870917
872116
872287
872678
873343
873465
874349
874837
874905
875208
875724
877597
877965
877980
878616
879318
879550
879935
880348
881143
881767
882088
883458
883772
884208
885693
886159
886474
886833
887008
887425
887539
888475
888496
888921
889553
889707
890243
892015
892246
892334
892897
892990
893229
893713
893985
894444
895132
895536
895929
897349
898100
898532
898778
899123
899721
900051
900977
901367
901507
902048
902138
902149
902605
902869
902935
903856
904251
905017
905218
906115
906420
907335
907748
908142
908766
909257
910209
910480
910937
911275
911825
912076
912458
913099
913124
914970
917261
917266
917659
917910
918228
918333
919432
919811
920818
922050
922248
923331
924642
925579
926428
927465
927701
927720
927935
928074
929366
930219
930333
930456
930608
931621
932942
933367
935329
935380
935872
936101
937019
937175
937356
937561
937626
938290
938812
939052
939241
939262
939520
939600
939688
940313
940523
940568
941799
941871
942188
942195
942656
944524
944592
944675
944688
944961
945042
945590
947627
948917
949354
949537
950902
951202
951277
951554
952501
952912
953038
953875
954010
954034
955548
955579
956450
957424
957809
957979
958700
959009
959081
960984
961053
961276
961515
961603
962165
962263
962612
962771
963295
964535
965186
965249
965614
965982
966570
967587
968729
968761
968980
969087
969269
969511
969999
970292
970625
971317
971745
972486
972604
972876
972877
974124
974178
974650
975611
975669
975857
976033
976321
977300
977441
977844
978783
978867
979248
979557
979690
979957
980951
981772
981982
982142
982193
982937
983096
983184
983591
983602
985325
985543
985551
985687
986668
986818
987129
987171
987266
987647
988747
990146
990977
991004
991039
994192
994695
994939
995140
995146
995229
996463
996696
997100
997860
The height of the binary tree from the data is: 24

Script done on 2022-04-15 23:53:06-06:00 [COMMAND_EXIT_CODE="0"]
